229
192
191
235
150
222
30
208
91
92
188
17
132
91
172
183
96
23
92
14
98
108
110
123
251
156
160
50
192
154
27
143
155
26
244
120
116
114
132
215
105
86
168
55
158
136
73
145
22
68
67
0
38
209
173
211
75
91
113
173
166
28
232
193
212
181
108
196
187
177
99
26
111
212
115
50
155
40
87
125
67
226
3
142
148
14
47
66
230
78
142
153
222
226
29
65
0
247
15
20
55
158
174
128
106
105
89
52
123
246
248
136
240
226
202
84
82
177
177
42
230
65
78
200
209
112
103
59
126
169
20
13
231
153
1
227
86
247
112
1
6
164
249
63
220
40
29
57
168
82
